923
942
961
981
1000
1019
1039
1058
1078
1097
1116
1136
1155
1174
1194
1213
1233
1252
1271
1291
1310
1329
1349
1368
1388
1407
1426
1446
1465
1484
1504
1523
1543
1562
1581
1601
1620
1640
1659
1678
1698
1717
1736
1756
1775
1795
1814
1833
1853
1872
1891
1911
1930
1950
1969
1988
2008
2027
2046
2066
2085
2105
2124
2143
2163
2182
2201
2221
2240
2260
2279
2298
2318
2337
2357
2376
2395
2415
2434
2453
2473
2492
2512
2531
2550
2570
2589
2608
2628
2647
2667
2686
2705
2725
2744
2763
2783
2802
2822
2841
2860
2880
2899
2918
2938
2957
2977
2996
3015
3035
3054
3074
3093
3112
3132
3151
3170
3190
3209
3229
3248
3267
3287
3306
3325
3345
3364
3384
3403
3422
3442
3461
3480
3500
3519
3539
3558
3577
3597
3616
3635
3655
3674
3694
3713
3732
3752
3771
3791
3810
3829
3849
3868
3887
3907
3926
3946
3965
3984
4004
4023
4042
4062
4081
4101
4120
4139
4159
4178
4197
4217
4236
4256
4275
4294
4314
4333
4352
4372
4391
4411
4430
4449
4469
4488
4508
4527
4546
4566
4585
4604
4624
4643
4663
4682
4701
4721
4740
4759
4779
4798
4818
4837
4856
4876
4895
4914
4934
4953
4973
4992
5011
5031
5050
5069
5089
5108
5128
5147
5166
5186
5205
5225
5244
5263
5283
5302
5321
5341
5360
5380
5399
5418
5438
5457
5476
5496
5515
5535
5554
5573
5593
5612
5631
5651
5670
5690
5709
5728
5748
5767
5786
5806
5825
5845
5864
5883
5903
5922
5942
5961
5980
6000
6019
6038
6058
6077
6097
6116
6135
6155
6174
6193
6213
6232
6252
6271
6290
6310
6329
6348
6368
6387
6407
6426
6445
6465
6484
6503
6523
6542
6562
6581
6600
6620
6639
6659
6678
6697
6717
6736
6755
6775
6794
6814
6833
6852
6872
6891
6910
6930
6949
6969
6988
7007
7027
7046
7065
7085
7104
7124
7143
7162
7182
7201
7220
7240
7259
7279
7298
7317
7337
7356
7376
7395
7414
7434
7453
7472
7492
7511
7531
7550
7569
7589
7608
7627
7647
7666
7686
7705
7724
7744
7763
7782
7802
7821
7841
7860
7879
7899
7918
7937
7957
7976
7996
8015
8034
8054
8073
8093
8112
8131
8151
8170
8189
8209
8228
8248
8267
8286
8306
8325
8344
8364
8383
8403
8422
8441
8461
8480
8499
8519
8538
8558
8577
8596
8616
8635
8654
8674
8693
8713
8732
8751
8771
8790
8810
8829
8848
8868
8887
8906
8926
8945
8965
8984
9003
9023
9042
9061
9081
9100
9120
9139
9158
9178
9197
9216
9236
9255
9275
9294
9313
9333
9352
9371
9391
9410
9430
9449
9468
9488
9507
9527
9546
9565
9585
9604
9623
9643
9662
9682
9701
9720
9740
9759
9778
9798
9817
9837
9856
9875
9895
9914
9933
9953
9972
9992
10011
10030
10050
10069
10088
10108
10127
10147
10166
10185
10205
10224
10244
10263
10282
10302
10321
10340
10360
10379
10399
10418
10437
10457
10476
10495
10515
10534
10554
10573
10592
10612
10631
10650
10670
10689
10709
10728
10747
10767
10786
10805
10825
10844
10864
10883
10902
10922
10941
10961
10980
10999
11019
11038
11057
11077
11096
11116
11135
11154
11174
11193
11212
11232
11251
11271
11290
11309
11329
11348
11367
11387
11406
11426
11445
11464
11484
11503
11522
11542
11561
11581
11600
11619
11639
11658
11678
11697
11716
11736
11755
11774
11794
11813
11833
11852
11871
11891
11910
11929
11949
11968
11988
12007
12026
12046
12065
12084
12104
12123
12143
12162
12181
12201
12220
12239
12259
12278
12298
12317
12336
12356
12375
12395
12414
12433
12453
12472
12491
12511
12530
12550
12569
12588
12608
12627
12646
12666
12685
12705
12724
12743
12763
12782
12801
12821
12840
12860
12879
12898
12918
12937
12956
12976
12995
13015
13034
13053
13073
13092
13112
13131
13150
13170
13189
13208
13228
13247
13267
13286
13305
13325
13344
13363
13383
13402
13422
13441
13460
13480
13499
13518
13538
13557
13577
13596
13615
13635
13654
13673
13693
13712
13732
13751
13770
13790
13809
13829
13848
13867
13887
13906
13925
13945
13964
13984
14003
14022
14042
14061
14080
14100
14119
14139
14158
14177
14197
14216
14235
14255
14274
14294
14313
14332
14352
14371
14390
14410
14429
14449
14468
14487
14507
14526
14546
14565
14584
14604
14623
14642
14662
14681
14701
14720
14739
14759
14778
14797
14817
14836
14856
14875
14894
14914
14933
14952
14972
14991
15011
15030
15049
15069
15088
15107
15127
15146
15166
15185
15204
15224
15243
15263
15282
15301
15321
15340
15359
15379
15398
15418
15437
15456
15476
15495
15514
15534
15553
15573
15592
15611
15631
15650
15669
15689
15708
15728
15747
15766
15786
15805
15824
15844
15863
15883
15902
15921
15941
15960
15980
15999
16018
16038
16057
16076
16096
16115
16135
16154
16173
16193
16212
16231
16251
16270
16290
16309
16328
16348
16367
16386
16406
16425
16445
16464
16483
16503
16522
16541
16561
16580
16600
16619
16638
16658
16677
16697
16716
16735
16755
16774
16793
16813
16832
16852
16871
16890
16910
16929
16948
16968
16987
17007
17026
17045
17065
17084
17103
17123
17142
17162
17181
17200
17220
17239
17258
17278
17297
17317
17336
17355
17375
17394
17414
17433
17452
17472
17491
17510
17530
17549
17569
17588
17607
17627
17646
17665
17685
17704
17724
17743
17762
17782
17801
17820
17840
17859
17879
17898
17917
17937
17956
17975
17995
18014
18034
18053
18072
18092
18111
18131
18150
18169
18189
18208
18227
18247
18266
18286
18305
18324
18344
18363
18382
18402
18421
18441
18460
18479
18499
18518
18537
18557
18576
18596
18615
18634
18654
18673
18692
18712
18731
18751
18770
18789
18809
18828
18848
18867
18886
18906
18925
18944
18964
18983
19003
19022
19041
19061
19080
19099
19119
19138
19158
19177
19196
19216
19235
19254
19274
19293
19313
19332
19351
19371
19390
19409
19429
19448
19468
19487
19506
19526
19545
19565
19584
19603
19623
19642
19661
19681
19700
19720
19739
19758
19778
19797
19816
19836
19855
19875
19894
19913
19933
19952
19971
19991
20010
20030
20049
20068
20088
20107
20126
20146
20165
20185
20204
20223
20243
20262
20282
